256 16 4
-0.09885 -0.180803 -0.048075 -0.135316 -0.07144 -0.193687 -0.059272 -0.182835 -0.249961 -0.059196 -0.024504 0.010828 -0.128676 -0.135213 -0.159476 -0.198285 -0.18537 -0.063638 -0.20093 -0.099236 -0.063823 -0.112473 0.00474 -0.027113 -0.108783 -0.091094 -0.058895 -0.185458 -0.141006 -0.0942 -0.211821 -0.16483 -0.0951 -0.00332 -0.072169 -0.064618 -0.146877 -0.084727 -0.043399 -0.167412 -0.150141 -0.028139 -0.017128 -0.167023 -0.10155 -0.13161 -0.096328 -0.152496 -0.133822 -0.096282 -0.105367 -0.044122 -0.229615 -0.245428 -0.233214 -0.215244 -0.190931 -0.260301 -0.229586 -0.089046 -0.130653 -0.077361 -0.148146 -0.114941 -0.154109 -0.110269 -0.21806 -0.180773 -0.129692 -0.117517 -0.050728 -0.073546 -0.119188 -0.071828 -0.13036 -0.138872 -0.057759 -0.159318 -0.009889 -0.200422 -0.131862 -0.054484 0.00334 -0.112113 -0.177145 -0.159865 -0.14597 -0.1264 -0.117961 0.017464 -0.110958 -0.18477 -0.013314 -0.169818 -0.040258 -0.065001 -0.174908 -0.050036 -0.093577 -0.045158 -0.08772 -0.157694 0.030877 -0.105447 -0.029157 0.056952 -0.178851 -0.087696 -0.147277 -0.142471 -0.120194 -0.212736 -0.054987 -0.149855 -0.074679 -0.158156 0.038471 0.041361 0.005284 -0.079764 -0.087973 0.12113 -0.0911 -0.078944 -0.043603 -0.220638 -0.070325 -0.090202 -0.138461 -0.108256 -0.097558 -0.028156 -0.097873 -0.223256 -0.179504 -0.025356 -0.048534 -0.082795 -0.068184 0.001879 -0.03806 -0.214281 -0.06149 -0.035259 -0.025421 0.001792 -0.171142 -0.13236 -0.081371 -0.163444 -0.09272 -0.130254 -0.068699 -0.120899 0.083094 -0.013808 -0.101065 -0.168977 -0.071876 -0.097857 -0.208668 -0.198141 -0.133679 -0.156209 0.056538 -0.092701 -0.120865 -0.187218 -0.038632 -0.100502 -0.094812 -0.204273 -0.247238 -0.130822 -0.048124 -0.110226 -0.147553 -0.170508 -0.233175 -0.15615 0.020485 -0.051198 -0.095769 -0.221584 -0.239646 -0.014602 -0.049537 -0.177205 -0.11312 -0.170127 -0.087941 -0.111179 -0.052642 -0.129826 -0.043392 -0.086658 -0.060213 0.051457 -0.018905 -0.051546 -0.026681 0.080284 -0.195483 -0.170241 -0.184893 -0.202963 -0.081128 -0.063276 -0.066802 -0.004312 -0.160589 -0.068206 -0.199113 -0.190295 -0.104222 -0.179443 -0.205822 -0.152612 -0.076207 -0.096083 -0.088386 -0.021984 -0.16243 -0.00396 -0.121049 -0.001406 -0.054431 -0.040832 -0.232899 -0.09127 -0.079598 -0.224756 -0.125305 -0.054868 -0.168887 -0.095087 -0.03159 -0.110564 -0.060164 -0.037902 -0.228123 -0.178233 -0.207614 -0.140714 -0.134646 -0.034732 -0.138771 -0.180012 -0.196308 -0.095393 -0.200852 -0.13517 -0.124084 -0.007363 -0.176751 -0.084255 
-0.699634 -0.347975 -0.90529 -0.15163 -0.376525 -0.643381 -0.303521 0.085055 -0.167142 -0.433812 -1.043373 -0.017617 -0.550323 -0.096814 -0.159229 -0.030661 -0.814662 0.185223 0.341662 1.167387 0.425362 0.559309 0.282454 0.637166 0.716035 0.338783 0.259635 0.549446 1.02929 0.231656 -0.3553 -0.375676 -1.237074 0.425061 1.519279 1.055815 1.219622 1.330284 0.474368 -0.598319 -0.248445 -0.049614 -0.225543 0.4505 1.068599 1.30297 0.452184 0.002192 -0.71309 0.807675 1.342106 0.89206 1.083856 -0.138284 0.081015 -0.150888 0.263463 0.635102 -0.239783 -0.384754 0.294385 0.571889 1.688718 -0.278731 -0.474046 0.842106 1.173527 0.15226 0.472562 0.10382 -0.041535 0.53079 0.391304 0.743403 -0.001146 0.062685 0.507648 1.146182 2.048949 0.091497 -0.092541 1.506639 0.651068 -0.45046 -1.358578 -1.046297 -1.628377 -0.272503 -0.134489 -0.204866 -1.702551 -1.397669 -0.778948 0.146565 1.536234 -0.000216 -0.54794 -0.472998 -0.10133 -0.219194 -0.791441 -0.849617 -0.52048 -0.315518 -0.520731 -0.660345 -0.538577 -0.473749 -0.284654 0.445228 0.839433 0.913537 0.142171 1.409943 -0.315016 0.372587 -0.476217 0.049934 -0.499051 -0.576606 -0.079227 -0.336195 -0.533522 0.557441 -0.73443 -0.035011 -0.398899 -0.28831 0.032957 0.110386 -0.06443 0.630718 -0.681454 0.596919 -0.415403 -0.185401 -0.966412 -0.701481 -0.865377 1.026817 -0.627803 -0.09004 -0.814111 -0.969234 -0.390344 0.440668 -0.144862 0.152907 -0.269362 0.656729 -0.427806 -0.669307 -1.092923 -1.316544 -0.33675 0.601209 -0.63112 -0.6994 -0.137231 -0.131993 -0.120148 0.5782 0.524605 -0.072947 -0.168271 -0.105495 -0.747374 -0.248171 -0.376983 -0.576074 -0.481653 -0.292091 -1.072128 0.121304 0.316654 0.699625 -0.209726 1.057779 0.843513 0.098127 -0.910752 -0.979377 -0.816403 -0.846814 -0.478683 0.304072 -1.773355 -1.245264 -1.192855 -0.039451 0.709568 0.283086 -0.414197 0.189703 1.179404 0.043147 0.822639 0.106855 0.297339 0.422047 0.581274 0.541214 0.519595 0.29165 0.796185 0.919547 1.274188 0.776988 0.071077 -0.230943 0.927568 0.684493 0.142785 -0.261474 -0.436249 0.058219 0.02054 0.447454 -0.014843 0.056096 0.871462 0.923708 1.079452 0.418577 0.071637 0.410604 0.405924 1.405969 0.528796 0.475369 0.121756 -0.148478 -0.160789 -0.098583 0.788125 1.328294 1.856369 1.053031 0.950298 0.356852 -0.316549 -0.491788 0.151807 -0.166668 0.721179 0.033139 0.843958 0.536649 1.161641 1.033163 0.247766 0.70055 0.722397 0.272477 0.423301 0.159349 
-0.540084 0.892205 0.857017 1.053353 -0.139385 0.158282 0.147129 0.298011 0.864691 1.430183 0.661112 0.054904 -0.007695 0.450511 0.879964 0.226106 0.056644 0.340023 0.369305 0.161973 -0.082036 -0.311268 0.456654 0.077945 -0.01982 0.120332 0.377196 0.07554 -0.243073 0.594932 0.347348 0.540344 0.96069 0.423576 1.476826 0.299128 -0.103504 0.326234 -0.129884 -0.292583 -0.062592 -0.109383 -0.290903 -0.194605 0.410943 0.248954 0.460064 0.469512 -0.006655 0.215153 0.709283 1.219648 1.77306 0.410766 -0.744903 0.087642 -0.285573 -0.033688 0.050134 0.543971 0.214335 0.757524 0.902322 0.089459 0.604932 0.167663 -0.160342 1.755062 0.500174 0.397531 0.007815 -0.809939 -0.41028 -1.016872 -0.363085 0.300911 0.518053 0.625136 0.29633 -0.204458 0.819356 -0.423859 -0.854349 0.856572 0.246282 -0.044164 0.35924 -0.152769 0.479005 -0.482904 0.781209 0.312002 -0.141781 0.143039 0.137104 -0.090842 1.142763 -0.416562 -0.343538 0.011545 -0.723824 -0.290282 0.527168 0.335822 0.90677 -0.210413 0.204801 0.950266 -0.624326 -0.638681 -0.441254 0.21618 0.214181 -0.358631 -0.566528 -0.054183 -1.510701 -0.386009 0.285995 1.860472 2.319912 2.255321 0.367208 -0.014267 -2.311068 -1.310961 -0.733338 -0.526856 0.229947 0.820866 -0.583124 -0.219593 -1.401199 -0.753224 1.104793 3.458722 3.596252 2.460148 1.139669 0.493486 -1.776737 -1.200039 -0.535617 -0.127807 0.43844 -0.23013 -0.464105 0.000321 -1.029524 -0.726168 0.791216 2.246383 2.871927 1.395401 0.593432 -0.133351 -1.708949 -1.298594 -0.541196 -0.282412 0.002553 -0.179503 -0.26044 0.181039 -0.147056 -0.058717 0.374024 -0.253431 0.84697 0.259037 0.050816 1.188153 -0.046832 -0.538587 -0.283469 0.127058 0.403509 0.014527 -0.365099 1.012857 0.468132 0.541935 0.050378 -0.41989 -0.410114 -0.397912 0.263897 1.257165 -0.365737 0.145497 0.156748 -0.027262 -0.626703 0.402238 0.603319 1.150489 0.523123 0.905335 0.335218 -0.667501 -0.925504 -0.860341 -0.305685 0.825759 1.012608 1.129953 0.95603 -0.180122 0.259062 0.074224 0.977082 1.772381 0.868115 -0.395295 -0.708413 -0.752351 -0.64519 -0.936059 -0.116536 0.582625 0.733026 1.694044 1.095684 -0.105227 0.198648 0.288863 1.077949 1.431794 0.77469 -0.100993 -0.029465 0.220872 -0.032312 -0.087436 0.053176 1.034549 1.063796 0.777774 0.375149 0.111703 -0.018951 0.081594 0.43768 0.86549 0.163693 -0.101448 -0.283726 -0.008961 -0.294848 0.184096 0.254586 -0.323887 0.31923 0.542863 0.513223 0.222691 
-0.134778 -0.138648 -0.285468 -0.143718 -0.243049 -0.269975 -0.171489 -0.133913 -0.278422 -0.160444 -0.207734 -0.151181 -0.315904 -0.153019 -0.156382 -0.277088 -0.257301 -0.260213 -0.220511 -0.113595 -0.240307 -0.227738 -0.249398 -0.147002 -0.294045 -0.112136 -0.180954 -0.144654 -0.204866 -0.256059 -0.282751 -0.18973 -0.321533 -0.129025 -0.13151 -0.247371 -0.270364 -0.287972 -0.304549 -0.205238 -0.292878 -0.274025 -0.238637 -0.230157 -0.188948 -0.13885 -0.097323 -0.103924 -0.237811 -0.098648 -0.184127 -0.1038 -0.107829 -0.085678 -0.04865 -0.171179 -0.17942 -0.130927 -0.060203 -0.068331 -0.055157 -0.162764 -0.285563 -0.103993 -0.187951 -0.230668 -0.167798 -0.224805 -0.075991 -0.092493 -0.102237 -0.172273 -0.046507 -0.227751 -0.150563 -0.146008 -0.234013 -0.052984 -0.220811 -0.152708 -0.137933 -0.135368 -0.10851 -0.203431 -0.18077 -0.244103 -0.150323 -0.244688 -0.110812 -0.19756 -0.148899 -0.134126 -0.274423 -0.17282 -0.105231 -0.294743 -0.230144 -0.189473 -0.113157 -0.13248 -0.217077 -0.128704 -0.043519 -0.15086 -0.035093 -0.161219 -0.102651 -0.28709 -0.229493 -0.218193 -0.208485 -0.253584 -0.200643 -0.262167 -0.214944 -0.089682 -0.143926 -0.133158 -0.098783 -0.131252 -0.129066 -0.228679 -0.06806 -0.249788 -0.283693 -0.12915 -0.110098 -0.133821 -0.149553 -0.214651 -0.118047 -0.271549 -0.14883 -0.073452 -0.137854 -0.223152 -0.17866 -0.209872 -0.100181 -0.168443 -0.105934 -0.165997 -0.228891 -0.152612 -0.215718 -0.257937 -0.194213 -0.236344 0.015542 -0.019666 -0.059344 -0.221501 -0.180363 -0.120702 -0.10473 -0.05695 -0.255288 -0.188899 -0.281902 -0.10957 -0.301728 -0.130591 -0.065647 -0.250527 -0.122929 -0.103799 -0.098825 -0.099225 -0.081869 -0.196152 -0.163288 -0.141223 -0.177723 -0.059133 -0.151853 -0.191049 -0.273424 -0.157021 -0.27777 -0.175374 -0.074388 -0.186809 -0.050264 -0.179661 -0.024986 -0.058503 -0.093453 -0.173839 -0.141956 -0.123461 -0.127121 -0.320793 -0.260516 -0.288869 -0.139332 -0.148049 -0.160604 -0.049748 -0.181902 -0.13504 -0.112471 -0.130276 -0.209094 -0.112999 -0.122337 -0.138965 -0.094478 -0.138271 -0.133552 -0.250541 -0.210938 -0.288924 -0.192667 -0.135276 -0.081982 -0.18252 -0.105443 -0.268832 -0.151623 -0.267209 -0.241287 -0.103102 -0.188289 -0.272633 -0.23696 -0.222418 -0.30371 -0.29439 -0.113932 -0.269895 -0.16736 -0.249508 -0.23597 -0.212044 -0.303398 -0.18816 -0.109055 -0.20127 -0.163342 -0.190413 -0.226881 -0.197206 -0.175704 -0.099756 -0.277868 -0.210586 -0.27288 -0.133956 -0.177573 -0.139839 -0.197531 -0.203037 -0.255074 -0.201775 -0.181443 -0.197367 
-0.152122 -0.143076 -0.140829 -0.072377 -0.208442 -0.139314 -0.149861 -0.098255 -0.05119 -0.107524 -0.133229 -0.115322 -0.056499 -0.154611 -0.157653 -0.227406 -0.168641 -0.157842 -0.142336 -0.170339 -0.196159 -0.129214 -0.113864 -0.084327 -0.239601 -0.128629 -0.083385 -0.113277 -0.057197 -0.207399 -0.202294 -0.162427 -0.074616 -0.162409 -0.15269 -0.045173 -0.045181 -0.183768 -0.228842 -0.150937 -0.066669 -0.17558 -0.065926 -0.064741 -0.161025 -0.232135 -0.072279 -0.070072 -0.123224 -0.050231 -0.121409 -0.166192 -0.045505 -0.159451 -0.160033 -0.131179 -0.223249 -0.15052 -0.088378 -0.061833 -0.048799 -0.184703 -0.168981 -0.121897 -0.199285 -0.163746 -0.120279 -0.129679 -0.125017 -0.042819 -0.151203 -0.11634 -0.144356 -0.067111 -0.093033 -0.08619 -0.151728 -0.213575 -0.084791 -0.110186 -0.044261 -0.218959 -0.168348 -0.183831 -0.074492 -0.075503 -0.049615 -0.180896 -0.234218 -0.175266 -0.18195 -0.133891 -0.076407 -0.184796 -0.22811 -0.172894 -0.081253 -0.230723 -0.056928 -0.153886 -0.172603 -0.079214 -0.131059 -0.107599 -0.091046 -0.086256 -0.041951 -0.140458 -0.229827 -0.206989 -0.048362 -0.118701 -0.24 -0.238393 -0.174602 -0.166911 -0.210914 -0.180739 -0.124834 -0.112292 -0.132301 -0.097667 -0.169623 -0.105882 -0.044366 -0.156359 -0.06098 -0.151982 -0.181898 -0.229019 -0.132215 -0.177012 -0.118863 -0.136943 -0.238752 -0.169097 -0.219572 -0.118414 -0.096317 -0.219592 -0.202793 -0.201684 -0.072416 -0.197814 -0.124958 -0.064253 -0.187878 -0.090224 -0.188794 -0.05975 -0.184183 -0.135321 -0.083573 -0.193747 -0.213154 -0.185477 -0.06327 -0.129324 -0.205138 -0.226978 -0.068842 -0.20438 -0.071971 -0.089537 -0.100939 -0.141193 -0.200939 -0.076472 -0.149163 -0.230246 -0.196021 -0.146874 -0.084296 -0.068216 -0.122627 -0.180966 -0.219867 -0.233501 -0.212109 -0.159893 -0.148419 -0.178485 -0.082396 -0.191263 -0.160341 -0.120802 -0.230566 -0.211586 -0.049967 -0.214874 -0.054382 -0.09696 -0.215979 -0.184589 -0.158275 -0.213191 -0.062243 -0.098643 -0.20044 -0.136609 -0.205256 -0.069646 -0.237199 -0.176854 -0.094461 -0.15839 -0.220917 -0.232858 -0.15175 -0.064388 -0.207566 -0.213277 -0.236316 -0.083979 -0.130461 -0.152625 -0.141179 -0.117336 -0.096123 -0.054375 -0.127552 -0.205439 -0.058764 -0.19225 -0.203372 -0.178495 -0.229458 -0.100952 -0.152434 -0.096848 -0.076373 -0.187638 -0.219538 -0.065762 -0.072268 -0.195315 -0.059353 -0.105268 -0.045466 -0.049435 -0.053844 -0.056339 -0.090645 -0.118973 -0.205281 -0.204644 -0.095612 -0.223172 -0.110894 -0.203135 -0.240348 -0.215271 -0.225322 -0.174704 -0.124581 -0.074408 
-0.117539 -0.176172 -0.080099 -0.137046 -0.127426 -0.104864 -0.124112 -0.198944 -0.129949 -0.228997 -0.109848 -0.119303 -0.211495 -0.22315 -0.130689 -0.057899 -0.16565 -0.090079 -0.134061 -0.176839 -0.214339 -0.050081 -0.201336 -0.137907 -0.060548 -0.179135 -0.050008 -0.226894 -0.079016 -0.077592 -0.214382 -0.236287 -0.150973 -0.148961 -0.061031 -0.136958 -0.149373 -0.172943 -0.095259 -0.071175 -0.180686 -0.150994 -0.114838 -0.097106 -0.189609 -0.107599 -0.067266 -0.216694 -0.232933 -0.227489 -0.166775 -0.117965 -0.228777 -0.211168 -0.127363 -0.163095 -0.087455 -0.227857 -0.068111 -0.053264 -0.230338 -0.150298 -0.146965 -0.101919 -0.202598 -0.04946 -0.07933 -0.147402 -0.186684 -0.23257 -0.197676 -0.236202 -0.122116 -0.20468 -0.208376 -0.108266 -0.238664 -0.235416 -0.102121 -0.215512 -0.107684 -0.112006 -0.173996 -0.104696 -0.220117 -0.160025 -0.209701 -0.09621 -0.19521 -0.11261 -0.193937 -0.089448 -0.227431 -0.110246 -0.197382 -0.226665 -0.077539 -0.211131 -0.198332 -0.046383 -0.214005 -0.096496 -0.09548 -0.057166 -0.211125 -0.144177 -0.06787 -0.163574 -0.209881 -0.164661 -0.138425 -0.075312 -0.148149 -0.167917 -0.097172 -0.130731 -0.166166 -0.050018 -0.240561 -0.066113 -0.093589 -0.178215 -0.083009 -0.161893 -0.224641 -0.156116 -0.09693 -0.097079 -0.087171 -0.150164 -0.237611 -0.143111 -0.212275 -0.058706 -0.108999 -0.228443 -0.210453 -0.104886 -0.126953 -0.105079 -0.160732 -0.13464 -0.135602 -0.14829 -0.218856 -0.200945 -0.234011 -0.220808 -0.050933 -0.115717 -0.068443 -0.132712 -0.198675 -0.150697 -0.147075 -0.128272 -0.182563 -0.167842 -0.233156 -0.130976 -0.049113 -0.161796 -0.173 -0.178063 -0.168622 -0.094339 -0.214927 -0.175678 -0.189364 -0.203478 -0.175512 -0.206056 -0.15484 -0.065909 -0.109326 -0.117883 -0.090521 -0.198055 -0.238425 -0.231066 -0.064711 -0.073137 -0.198082 -0.087303 -0.232769 -0.137367 -0.154163 -0.077491 -0.068042 -0.106605 -0.04986 -0.077438 -0.087274 -0.123975 -0.136578 -0.122973 -0.076461 -0.060233 -0.046047 -0.055753 -0.123293 -0.137842 -0.15968 -0.171063 -0.062464 -0.160271 -0.131518 -0.198794 -0.240185 -0.127527 -0.120742 -0.048871 -0.204023 -0.11924 -0.190461 -0.05239 -0.224452 -0.226713 -0.228535 -0.129716 -0.054175 -0.214836 -0.04709 -0.216788 -0.231662 -0.095561 -0.216676 -0.180816 -0.13545 -0.09378 -0.091487 -0.156795 -0.093926 -0.187122 -0.181892 -0.135877 -0.159536 -0.100794 -0.130365 -0.136967 -0.051071 -0.138757 -0.047309 -0.192815 -0.071674 -0.13248 -0.062817 -0.081742 -0.108524 -0.088529 -0.050716 -0.236382 -0.120217 -0.216221 -0.181149 -0.160572 
-0.238515 0.581976 -0.294721 0.083294 -0.383617 -0.384287 0.17517 -0.422159 -0.349165 0.676593 -0.212592 -0.151642 -0.337401 -0.139592 1.245326 -0.399967 0.435819 -0.273196 -0.338909 -0.119396 0.118685 -0.631698 0.025421 -0.746461 -0.207415 -0.124906 -0.19587 -0.480128 0.830549 -0.614676 -0.496235 -0.177589 1.159668 -0.365994 -0.542248 -0.323825 -0.688754 0.243701 0.903634 0.945741 0.677486 1.251423 0.862793 0.411328 -0.118923 -0.686094 -0.001568 1.313655 0.420646 -0.200946 0.069446 0.260244 -0.18489 -0.821667 -0.052977 0.191646 0.25992 0.227841 0.593977 0.351082 -0.763572 -1.073574 -1.347817 -0.413605 0.188816 0.325234 -0.004541 0.204833 -0.452402 -0.644148 0.019882 0.136178 0.035581 0.577555 0.440791 0.6119 -0.402839 -0.954986 -1.199657 -0.211016 -0.689911 0.109659 0.403068 1.086494 -0.415661 -0.479027 -0.740706 0.202939 -0.102555 0.965732 0.12006 0.349121 -0.562986 -0.430995 0.158574 -0.195509 0.111202 1.081894 1.553027 1.223985 0.496356 0.738147 1.721964 1.542655 0.399794 1.139534 0.774825 1.429962 -0.189381 -0.067363 0.504543 -0.605302 -0.452407 -0.321606 1.162768 1.477711 1.018041 0.0281 0.656973 0.087939 -0.579828 -0.571566 0.698452 0.742742 -0.206563 0.974051 2.626802 1.382698 -0.76795 -0.02446 0.767658 1.375733 0.480739 -0.503516 0.159322 -1.380996 -1.755096 -0.98733 -0.129087 0.735135 -0.125126 0.867806 2.357101 0.676206 -0.538708 -0.577705 1.34294 1.627279 0.388884 0.209579 0.587403 -0.674017 -0.98842 -0.773753 0.742035 1.552698 -0.132559 1.027905 1.600748 -0.233503 -0.259549 -0.013723 0.323043 0.734255 0.239041 -0.150239 2.060845 1.59176 0.519408 1.043288 0.900929 0.712067 -0.436214 -0.171058 1.526775 -0.494437 0.111279 0.26613 -0.213116 0.458416 -0.00175 -0.375207 -0.006707 0.338649 -0.104988 0.303798 0.145202 -0.215806 -0.882662 -0.841096 1.19269 -0.475182 -0.072577 -0.245174 -0.151857 0.607353 -0.883157 0.014081 0.394309 0.220558 0.488228 0.514292 -0.191499 -0.000054 -0.899884 -0.706218 -0.335114 -0.570586 0.295506 -0.155069 -0.934748 -0.580219 -0.523568 -0.516896 0.297996 0.358213 0.369964 0.245056 0.194052 -0.754255 -1.211301 -0.719488 -0.456442 -0.720232 -0.819166 0.201975 -0.471498 -1.078158 0.03585 0.35988 0.782312 0.976943 0.669585 0.940466 0.681767 0.413116 -0.994281 0.186132 -0.282658 -0.108595 -0.206726 0.792311 -0.54104 0.593612 -0.259441 0.130684 -0.275955 -0.006054 -0.445555 0.14229 -0.707103 -0.213095 -0.444472 -0.311835 0.035884 1.261621 
-0.038315 -0.016283 0.04581 -0.153667 0.068163 -0.193192 -0.170621 -0.050812 -0.045565 -0.184467 -0.058328 0.073625 -0.157076 -0.19377 -0.139776 0.003459 -0.052046 -0.118309 -0.140293 -0.173741 -0.139558 -0.057139 -0.229488 -0.021467 0.004236 -0.229227 -0.090796 0.002369 -0.220627 0.096741 -0.155005 0.05039 0.028666 -0.099817 -0.229218 -0.115175 -0.129767 -0.051817 -0.118804 -0.112306 -0.1069 -0.184252 -0.118292 -0.141606 -0.179725 -0.175029 0.079185 -0.133136 -0.160798 -0.064969 0.011564 -0.02838 -0.064078 -0.020956 0.055867 -0.018444 0.104276 0.036228 -0.067874 -0.058211 0.068023 0.191244 -0.036705 -0.121279 -0.186309 -0.042441 0.11934 -0.183218 -0.078233 0.190939 -0.233478 -0.248195 -0.078486 -0.224825 -0.073339 0.107327 -0.247003 0.065634 0.111119 -0.194039 -0.047776 -0.245884 -0.131245 -0.078373 -0.176566 0.113015 -0.094735 -0.097412 -0.008493 -0.161816 0.015745 -0.102105 -0.029015 0.023785 -0.165417 -0.159986 0.135208 -0.014482 -0.185953 -0.220455 -0.235744 -0.059589 -0.076784 -0.01487 -0.209757 -0.115634 -0.155654 -0.210294 -0.063853 -0.035141 -0.04232 -0.004271 -0.001399 -0.026533 0.105851 -0.19703 -0.115029 0.007289 -0.275688 -0.124098 -0.180864 -0.05576 -0.252093 0.007513 -0.096712 -0.121633 -0.153504 -0.020587 0.017394 -0.103238 -0.110742 -0.236662 0.048959 0.121733 -0.072367 -0.08249 0.016138 -0.14401 -0.05059 -0.040311 -0.165667 -0.095849 0.033222 -0.326946 -0.030645 -0.148507 -0.19098 -0.10942 0.023187 0.115022 -0.06213 0.030628 -0.07356 0.0635 -0.170322 -0.090356 -0.08266 0.032552 -0.035521 -0.143837 -0.150566 -0.159128 -0.135512 -0.005117 -0.046884 -0.069727 -0.289482 -0.024425 -0.004975 -0.040026 -0.029571 -0.203122 -0.222226 -0.017868 -0.14488 -0.221918 -0.060044 -0.117025 -0.098696 0.01432 -0.121786 -0.039957 0.041575 0.051301 0.007545 0.053537 0.112953 -0.182697 0.008674 0.199547 -0.180209 0.000326 -0.026781 0.00263 -0.26448 -0.108111 -0.013914 -0.225495 -0.217619 -0.155014 -0.143995 -0.176117 -0.237968 -0.107845 -0.072928 0.02681 -0.101957 -0.16857 0.003347 -0.127409 -0.18654 -0.091675 -0.063544 0.015707 -0.186865 -0.148954 0.025247 -0.135159 -0.107191 -0.120974 -0.140728 -0.052073 -0.099175 -0.128861 -0.169551 -0.117037 0.052238 -0.153657 -0.020525 -0.1675 -0.148334 -0.044054 -0.124291 -0.043401 -0.003324 -0.037133 -0.006819 -0.048373 0.036685 -0.033818 -0.080135 -0.102851 -0.087114 -0.002468 -0.114792 -0.149839 -0.117214 -0.047149 -0.022895 -0.288645 -0.234262 -0.141398 -0.114405 -0.146758 -0.093384 -0.093287 
-0.129546 -0.219535 -0.228904 -0.135671 -0.214961 -0.163553 -0.136453 -0.192323 -0.149158 -0.060933 -0.225388 -0.096813 -0.149278 -0.089247 -0.06907 -0.17666 -0.156792 -0.227746 -0.099609 -0.072842 -0.233845 -0.121603 -0.162715 -0.21187 -0.090676 -0.094564 -0.094935 -0.105008 -0.151638 -0.195512 -0.179294 -0.20702 -0.064546 -0.046414 -0.235798 -0.160691 -0.061288 -0.196269 -0.202849 -0.166975 -0.074435 -0.138455 -0.166004 -0.103512 -0.216901 -0.088229 -0.090244 -0.127594 -0.130943 -0.0935 -0.211982 -0.193476 -0.212318 -0.168986 -0.147026 -0.215816 -0.216049 -0.21793 -0.071092 -0.108747 -0.050869 -0.048191 -0.228309 -0.234828 -0.065792 -0.238167 -0.124969 -0.092648 -0.239793 -0.151374 -0.064175 -0.174634 -0.175489 -0.072405 -0.177548 -0.227549 -0.109765 -0.148926 -0.210888 -0.046241 -0.235587 -0.119466 -0.218813 -0.231049 -0.159434 -0.110019 -0.22642 -0.042687 -0.18299 -0.076532 -0.212417 -0.181061 -0.225163 -0.181459 -0.071344 -0.224598 -0.088408 -0.075665 -0.10979 -0.159739 -0.075017 -0.191651 -0.134593 -0.128472 -0.060569 -0.166718 -0.087541 -0.229711 -0.229086 -0.17941 -0.08414 -0.103653 -0.178933 -0.078692 -0.211506 -0.129935 -0.20316 -0.04804 -0.142939 -0.172049 -0.051003 -0.165513 -0.124484 -0.098605 -0.178887 -0.144002 -0.189679 -0.212772 -0.193748 -0.23268 -0.159795 -0.221036 -0.098126 -0.161033 -0.084182 -0.07282 -0.241039 -0.106788 -0.079553 -0.102108 -0.18234 -0.168997 -0.219437 -0.202005 -0.175683 -0.126973 -0.237777 -0.064065 -0.077341 -0.167279 -0.095175 -0.213105 -0.186303 -0.160884 -0.168906 -0.069108 -0.222607 -0.165759 -0.120865 -0.167111 -0.149373 -0.146875 -0.200835 -0.167014 -0.046035 -0.183928 -0.240227 -0.183389 -0.136668 -0.159433 -0.093429 -0.067896 -0.182476 -0.188226 -0.182449 -0.174669 -0.146308 -0.201293 -0.101243 -0.239821 -0.122329 -0.134776 -0.137844 -0.107395 -0.061106 -0.120215 -0.063771 -0.131398 -0.073187 -0.157912 -0.058687 -0.186763 -0.22942 -0.048673 -0.114983 -0.119447 -0.062207 -0.069564 -0.184968 -0.16704 -0.072863 -0.172459 -0.225233 -0.181757 -0.051768 -0.188884 -0.195075 -0.186388 -0.118115 -0.220399 -0.163095 -0.09466 -0.084575 -0.096388 -0.181925 -0.12739 -0.054094 -0.081732 -0.083311 -0.155636 -0.05371 -0.112878 -0.053206 -0.102058 -0.21307 -0.14709 -0.140574 -0.231286 -0.096303 -0.102876 -0.15764 -0.061844 -0.081287 -0.174974 -0.127696 -0.129375 -0.214119 -0.204107 -0.13559 -0.133082 -0.224134 -0.083217 -0.138922 -0.097089 -0.117051 -0.081161 -0.194641 -0.076927 -0.049977 -0.065357 -0.058106 -0.04341 -0.092816 -0.104389 -0.210745 -0.074359 
-0.122557 -0.208475 -0.056759 -0.076169 -0.122285 -0.042343 0.032512 -0.244937 -0.095576 -0.110419 -0.174077 -0.113592 -0.077847 -0.099521 -0.064454 -0.04051 -0.106107 -0.001162 -0.083566 -0.097017 -0.161058 -0.165061 -0.14252 -0.060639 -0.245297 -0.063379 -0.11568 -0.137366 -0.085536 -0.110375 -0.078529 -0.201388 -0.159762 -0.028316 0.007579 -0.069449 -0.04373 -0.132114 -0.189097 -0.188409 -0.133637 -0.166034 -0.213182 -0.231178 -0.105058 -0.154363 -0.185945 -0.00402 -0.071855 -0.094694 -0.066672 -0.187275 -0.209807 -0.22756 -0.064194 -0.207363 -0.104117 -0.057033 -0.169335 -0.157422 -0.079403 -0.082144 -0.108495 -0.119575 -0.130686 -0.209251 -0.229686 -0.091696 -0.078006 -0.175851 -0.015386 -0.097267 -0.021154 -0.05211 -0.159231 -0.116195 -0.193454 -0.07676 -0.118784 -0.107468 -0.06217 -0.050506 0.000186 -0.157938 -0.046687 -0.108235 -0.14432 -0.121397 -0.058806 0.010443 -0.169447 -0.130008 -0.120908 -0.079097 -0.110073 -0.107587 -0.071126 -0.276315 -0.108605 -0.208704 -0.219496 0.004866 0.072747 -0.02676 0.055234 -0.12778 -0.14005 -0.054139 -0.166578 -0.101644 -0.086654 -0.208617 -0.183474 -0.063694 -0.050512 0.021359 0.009657 0.062469 0.016338 -0.208837 -0.079745 -0.075497 0.014487 -0.180389 -0.010884 -0.109654 -0.139143 -0.172062 -0.018383 -0.144708 -0.194617 -0.066895 0.029311 -0.033462 -0.125325 -0.127803 -0.150735 -0.116885 -0.098054 -0.112637 -0.114065 -0.133533 -0.165141 -0.041094 -0.014275 -0.200392 -0.117987 0.029308 0.136695 -0.223573 -0.147881 -0.060932 -0.06178 -0.110397 0.016827 0.043693 -0.130999 -0.062103 -0.07984 -0.167218 -0.189462 -0.166603 0.024636 -0.078555 0.222825 -0.175202 0.007566 -0.210233 -0.195974 -0.212232 0.010846 -0.040769 -0.227711 -0.041758 -0.074318 -0.098325 -0.139452 -0.200132 -0.212424 -0.184514 0.083986 -0.062023 -0.063221 -0.260297 -0.202829 -0.068421 -0.048257 -0.129113 -0.185663 -0.150503 -0.192028 -0.119845 -0.002302 -0.175931 0.009479 -0.023244 -0.082841 -0.051834 0.01752 -0.124548 -0.055428 -0.12966 -0.208475 -0.031058 -0.042696 -0.154282 -0.039225 -0.100444 -0.221609 -0.11949 -0.124459 -0.135234 -0.04488 -0.100248 0.00434 -0.210368 -0.100162 -0.070443 -0.200975 -0.101113 -0.178577 -0.104663 -0.240115 -0.172508 -0.133186 0.008526 -0.09281 -0.116544 -0.276796 -0.00909 -0.161616 -0.1063 -0.144549 -0.098215 -0.111859 -0.117612 -0.0866 -0.19867 -0.224821 -0.188113 -0.133722 -0.066822 -0.174367 -0.204142 -0.09133 -0.14404 -0.175247 -0.045535 -0.115107 0.087386 -0.051243 -0.070384 -0.185132 -0.113136 -0.044306 -0.243775 
-0.073112 -0.040943 -0.043027 -0.111053 -0.187952 -0.176829 -0.058416 -0.169862 -0.220209 -0.044226 -0.096234 -0.192204 -0.107544 -0.056148 -0.083142 -0.117661 -0.190132 -0.142739 -0.207702 -0.139676 -0.056781 -0.065821 -0.125188 -0.227949 -0.122694 -0.082018 -0.184849 -0.077771 -0.145116 -0.036061 -0.135538 -0.217572 -0.183127 -0.06539 -0.066183 -0.105914 -0.207813 -0.197399 -0.037274 -0.149196 -0.069103 -0.220353 -0.159566 -0.071305 -0.225467 -0.109594 -0.176358 -0.166472 -0.142778 -0.189905 -0.105496 -0.066582 -0.168546 -0.115536 -0.197409 -0.15419 -0.187812 -0.049032 -0.165403 -0.052476 -0.066914 -0.120145 -0.144481 -0.123427 -0.191403 -0.146075 -0.134917 -0.205453 -0.104365 -0.094287 -0.186844 -0.121717 -0.151327 -0.069149 -0.082154 -0.190405 -0.138161 -0.103676 -0.169796 -0.068204 -0.107974 -0.137548 -0.110995 -0.158257 -0.043549 -0.062783 -0.190374 -0.113782 -0.201329 -0.218144 -0.149375 -0.068668 -0.083308 -0.213736 -0.198205 -0.12627 -0.153081 -0.066806 -0.162543 -0.137662 -0.102267 -0.130235 -0.221265 -0.100561 -0.17359 -0.194783 -0.19139 -0.210292 -0.146845 -0.04645 -0.216637 -0.093803 -0.09397 -0.060139 -0.215657 -0.058281 -0.109577 -0.110932 -0.146234 -0.085485 -0.123065 -0.184144 -0.042285 -0.202763 -0.198649 -0.165518 -0.078019 -0.162675 -0.229525 -0.192681 -0.218666 -0.061757 -0.032427 -0.049239 -0.110875 -0.23013 -0.14882 -0.18265 -0.170911 -0.223012 -0.158988 -0.227222 -0.126305 -0.045431 -0.215269 -0.213385 -0.167185 -0.041568 -0.200659 -0.144602 -0.163749 -0.179309 -0.219079 -0.123048 -0.105904 -0.162429 -0.223529 -0.105421 -0.221463 -0.100456 -0.088367 -0.070039 -0.129091 -0.168221 -0.132002 -0.076542 -0.082294 -0.186034 -0.196201 -0.199406 -0.06063 -0.151853 -0.088317 -0.216551 -0.164473 -0.056636 -0.092625 -0.034252 -0.069534 -0.21416 -0.157078 -0.129662 -0.197382 -0.036515 -0.061689 -0.192132 -0.158247 -0.08658 -0.174796 -0.044627 -0.122338 -0.138696 -0.103486 -0.226466 -0.075911 -0.078782 -0.0444 -0.118639 -0.218386 -0.175167 -0.141179 -0.192949 -0.05667 -0.151355 -0.054785 -0.066242 -0.053065 -0.19202 -0.053037 -0.140949 -0.182903 -0.113436 -0.225371 -0.113231 -0.058206 -0.22961 -0.129457 -0.12992 -0.173581 -0.145381 -0.075543 -0.075548 -0.130693 -0.207708 -0.155004 -0.170797 -0.197458 -0.046421 -0.219282 -0.163273 -0.058252 -0.135665 -0.115439 -0.09243 -0.111428 -0.207311 -0.184648 -0.109352 -0.17026 -0.047559 -0.129758 -0.132944 -0.123766 -0.107994 -0.058317 -0.223677 -0.213465 -0.062356 -0.207198 -0.056173 -0.082423 -0.140251 -0.155117 -0.171922 -0.052827 -0.16907 
-0.369738 0.643685 -0.088561 -0.394846 0.611708 0.659731 -0.430413 0.166318 0.178906 0.743845 0.481174 0.280326 0.083118 0.71894 -0.317562 -0.18953 0.20714 -0.375376 -0.1837 -1.044066 -0.410905 0.2203 -0.246742 0.397092 0.022312 0.146488 0.14973 -0.032264 -0.224745 0.079815 0.288927 -0.084006 -0.461811 -0.009786 -0.668864 -0.868848 -0.290594 0.049807 -0.224308 1.305347 0.579466 1.297561 0.431554 -0.487966 -0.111747 -0.114711 -0.517313 0.462292 0.121309 -0.218054 -1.264258 -1.270974 -0.938253 -0.705993 0.452748 0.614665 1.603806 1.268125 0.047225 -0.351938 -1.112749 -0.979927 -0.540734 -0.275472 -0.000145 0.313643 -0.906746 -0.408419 -0.974756 -1.196032 0.14161 0.789208 1.600203 1.031284 0.411287 -1.048316 -1.437288 -1.120196 -0.480771 0.590807 -0.067008 -0.1303 0.076892 -0.839749 -1.398897 -1.647961 -0.571185 0.027803 0.822137 -0.00793 -0.63787 -1.387178 -1.367646 -1.002562 -0.647704 -0.284481 0.4313 -0.640603 -0.263558 -0.861383 -1.344468 -0.649281 -0.329355 0.066631 0.774981 0.156051 0.035376 -0.54538 -1.248035 -0.690618 -0.115361 -0.307624 -0.205987 -0.840268 -0.258247 -0.902929 -0.580442 -0.296466 0.499393 0.805431 1.219149 0.660331 0.385964 -0.24691 -0.526782 -1.066702 -0.449789 0.277888 -0.2222 -0.151316 -0.793902 -0.944667 -0.325139 0.619888 0.853052 0.757433 -0.393415 0.671914 1.000948 0.077869 -0.080669 -1.038313 -0.567291 -0.021036 1.012118 0.106923 -0.189711 -0.295227 0.099552 0.41346 0.568967 0.155322 -0.773103 0.023005 0.84905 -0.238939 -0.412752 -1.195996 -0.862555 0.04973 0.156927 0.335694 -0.82144 -0.237596 0.308192 0.546736 0.241461 -0.026404 -0.684563 -0.665189 0.306991 0.31626 0.568857 -0.074548 -0.18606 0.25908 -0.031046 -0.417188 0.234659 0.258944 0.738805 0.266849 0.544147 0.17699 0.9315 0.280048 0.368635 0.271969 1.052376 0.2934 -0.371154 0.181583 -0.274065 0.056032 -0.067049 0.258754 1.041316 0.409327 0.086349 -0.068751 -0.007007 -0.035515 0.465789 0.852333 0.536085 0.354903 0.517274 -0.444386 0.491326 0.78731 0.496408 0.949861 0.776611 0.488723 0.780666 0.526979 0.600494 0.405433 0.71761 0.469237 0.8751 0.702917 0.334067 0.360735 0.828916 -0.106601 0.330514 0.52851 0.756832 0.316363 0.605189 0.645946 0.292696 0.237337 0.509864 0.4255 0.651693 0.31659 0.190124 0.39539 0.354851 0.272971 -0.103668 0.866384 -0.396106 0.543542 0.358897 -0.126251 0.523588 0.544027 0.436559 0.166805 0.569481 0.654588 0.095727 -0.437776 
-0.082401 -0.213616 -0.133029 -0.144725 -0.103203 -0.086676 -0.095336 -0.063467 -0.135089 -0.194452 -0.14609 -0.186529 -0.236225 -0.185256 -0.165292 -0.0654 -0.145417 -0.140259 -0.097927 -0.046069 -0.178236 -0.137867 -0.208863 -0.241395 -0.054763 -0.166912 -0.160027 -0.130452 -0.065256 -0.070039 -0.166098 -0.116108 -0.07992 -0.098112 -0.184954 -0.07194 -0.209106 -0.157619 -0.199146 -0.21002 -0.220122 -0.131577 -0.144632 -0.100523 -0.116948 -0.155675 -0.143029 -0.174595 -0.189086 -0.230645 -0.193627 -0.141656 -0.135809 -0.052406 -0.181425 -0.052432 -0.172032 -0.240663 -0.157429 -0.238887 -0.122117 -0.04805 -0.147458 -0.062422 -0.207737 -0.130234 -0.045732 -0.101492 -0.136232 -0.058784 -0.049462 -0.109919 -0.195508 -0.157799 -0.190711 -0.177172 -0.161972 -0.145635 -0.221776 -0.221863 -0.127335 -0.162955 -0.210316 -0.049661 -0.05115 -0.068385 -0.100522 -0.106967 -0.14474 -0.18291 -0.196534 -0.161457 -0.093108 -0.164475 -0.224385 -0.240883 -0.22098 -0.193723 -0.128694 -0.061366 -0.209235 -0.152918 -0.060396 -0.0763 -0.067985 -0.177261 -0.111722 -0.177267 -0.172517 -0.063195 -0.054707 -0.178157 -0.068414 -0.111607 -0.239446 -0.11371 -0.052048 -0.089172 -0.108383 -0.083788 -0.232692 -0.08844 -0.082862 -0.074587 -0.082576 -0.167997 -0.078177 -0.08806 -0.181025 -0.153953 -0.203419 -0.210786 -0.159032 -0.084012 -0.102301 -0.153545 -0.150443 -0.075363 -0.091306 -0.09285 -0.156055 -0.09766 -0.151247 -0.145671 -0.226831 -0.232315 -0.128724 -0.108629 -0.07253 -0.099374 -0.203499 -0.192877 -0.201956 -0.233278 -0.178175 -0.185943 -0.201114 -0.088545 -0.046383 -0.171772 -0.055496 -0.056976 -0.195738 -0.24023 -0.122773 -0.177283 -0.10181 -0.117293 -0.062089 -0.118761 -0.069355 -0.147208 -0.126281 -0.119588 -0.077068 -0.157852 -0.12333 -0.062043 -0.082093 -0.24053 -0.052882 -0.164897 -0.240604 -0.175504 -0.124843 -0.074709 -0.200494 -0.134441 -0.16557 -0.237303 -0.122801 -0.191095 -0.118279 -0.130473 -0.187731 -0.071428 -0.043868 -0.239315 -0.041764 -0.074426 -0.128362 -0.155352 -0.142007 -0.194886 -0.10324 -0.080783 -0.054094 -0.179397 -0.184922 -0.119022 -0.05979 -0.146769 -0.139635 -0.23282 -0.130684 -0.104176 -0.179924 -0.051249 -0.224085 -0.190244 -0.099038 -0.206702 -0.15748 -0.17635 -0.14947 -0.183288 -0.217728 -0.057358 -0.071976 -0.157759 -0.161278 -0.063078 -0.180951 -0.214287 -0.161667 -0.121673 -0.113078 -0.214306 -0.160503 -0.106254 -0.144853 -0.102697 -0.178243 -0.095948 -0.085577 -0.131535 -0.240977 -0.182657 -0.052007 -0.182678 -0.079467 -0.054775 -0.130842 -0.070424 -0.056721 -0.089104 
-0.221523 -0.217546 0.01073 -0.190786 -0.159157 -0.111 -0.107207 -0.042747 -0.172891 -0.075836 -0.110115 -0.021121 -0.18798 -0.196254 -0.13727 -0.177148 -0.015638 -0.070029 -0.094596 -0.179628 -0.038184 -0.125632 -0.184284 -0.104313 -0.123754 -0.05921 -0.142123 -0.04 -0.169843 -0.1728 -0.191572 -0.197912 -0.168739 -0.105895 -0.1212 -0.068212 -0.001418 -0.075494 -0.170862 -0.103846 -0.079386 -0.227019 -0.235548 -0.114523 -0.148133 -0.075319 -0.169214 -0.062285 -0.249513 -0.128472 0.130429 -0.158849 -0.136956 -0.149906 -0.093244 -0.017796 -0.143752 0.00372 -0.133664 -0.144009 0.008664 -0.16734 -0.167181 -0.207578 -0.017413 -0.212339 -0.028975 0.049379 -0.150451 -0.124327 -0.198414 -0.144271 -0.140284 -0.119477 -0.145296 -0.0394 -0.090369 -0.1837 -0.087633 -0.056389 -0.074658 -0.113588 -0.03792 -0.113369 -0.04476 -0.086627 -0.216556 -0.119631 -0.215059 -0.199681 0.095848 -0.153991 -0.183775 -0.153597 0.020423 -0.181474 -0.091233 -0.099137 -0.126736 -0.069661 -0.050909 0.028127 -0.193802 -0.079751 -0.218943 -0.013821 -0.236749 -0.233955 -0.199824 -0.16677 -0.214955 -0.185819 -0.128449 -0.213641 -0.025461 -0.170003 -0.117692 -0.027946 0.010513 -0.087208 0.124963 -0.193265 -0.078477 -0.133566 -0.032103 -0.209359 -0.149398 -0.202031 -0.186424 -0.117286 -0.225592 -0.01925 -0.098401 -0.157318 -0.170317 -0.008915 -0.184393 -0.154586 -0.232844 -0.089142 -0.143177 -0.13598 -0.124814 -0.07153 -0.078717 -0.054582 -0.004437 -0.054425 -0.097251 -0.160785 0.112977 -0.140775 0.175491 -0.112376 -0.189141 0.136917 -0.113476 -0.093959 -0.161852 -0.148019 -0.12631 -0.172051 -0.239356 -0.095674 -0.035185 0.018679 -0.105578 -0.136433 -0.158278 0.153391 -0.196817 -0.088761 -0.144324 -0.147965 -0.157014 -0.200851 -0.209147 -0.064539 -0.034322 -0.046898 0.083898 -0.073847 -0.152677 -0.117926 -0.183146 -0.161302 0.148164 0.033518 -0.195814 -0.22058 -0.008436 -0.230435 -0.028364 -0.138965 -0.083777 0.10616 -0.121568 -0.206524 -0.08227 -0.22739 -0.049466 -0.164166 -0.245441 0.01949 -0.197486 -0.236541 -0.101565 -0.141105 -0.130976 -0.13383 -0.084974 -0.049438 -0.135845 -0.153223 -0.213073 -0.193407 -0.050442 -0.150423 -0.09592 -0.256916 -0.089039 -0.189684 -0.083095 -0.203103 -0.094801 0.043131 -0.183727 -0.121658 -0.149108 -0.058756 -0.205893 -0.177688 -0.147931 -0.185501 -0.044541 -0.200948 -0.142426 0.101566 -0.219188 -0.153565 -0.150626 -0.063308 -0.139256 -0.192057 -0.047509 -0.032985 -0.093438 -0.191993 -0.078124 -0.201192 -0.095343 -0.144283 -0.015064 -0.24021 -0.101913 -0.058546 
-0.106725 -0.086874 -0.048221 -0.185924 -0.110054 -0.042421 -0.196498 -0.222501 -0.04313 -0.060869 -0.124263 -0.029093 -0.08463 -0.025884 -0.064814 -0.169193 -0.171992 -0.169595 -0.11957 -0.141326 -0.147542 -0.087059 -0.163039 -0.201518 -0.036248 -0.099308 -0.169771 -0.212639 -0.061364 -0.04679 -0.220209 -0.051947 -0.104251 -0.093911 -0.141413 -0.208083 -0.2145 -0.026236 -0.037775 -0.098773 -0.076804 -0.221514 -0.070518 -0.140483 -0.040653 -0.175776 -0.139582 -0.101271 -0.21918 -0.165762 -0.025701 -0.1681 -0.063421 -0.128924 -0.048452 -0.059843 -0.118174 -0.142261 -0.196506 -0.217273 -0.165795 -0.181228 -0.186568 -0.201225 -0.064106 -0.139979 -0.206741 -0.130149 -0.084696 -0.194163 -0.201328 -0.088544 -0.057873 -0.087641 -0.052579 -0.137181 -0.130506 -0.024117 -0.116135 -0.056579 -0.042982 -0.145206 -0.066078 -0.054952 -0.131602 -0.076133 -0.106172 -0.171847 -0.162563 -0.120131 -0.103265 -0.208737 -0.203875 -0.182986 -0.099194 -0.117802 -0.041417 -0.208912 -0.157527 -0.080188 -0.145306 -0.208997 -0.201276 -0.204955 -0.093037 -0.063445 -0.197874 -0.079982 -0.055403 -0.178961 -0.147658 -0.106067 -0.051643 -0.182403 -0.032178 -0.045487 -0.179867 -0.132058 -0.178449 -0.116269 -0.129233 -0.027693 -0.195503 -0.063401 -0.179978 -0.100747 -0.139466 -0.13825 -0.197562 -0.065614 -0.063366 -0.217431 -0.027235 -0.214682 -0.207995 -0.192388 -0.195212 -0.134284 -0.190011 -0.060924 -0.122844 -0.12962 -0.043549 -0.051931 -0.159678 -0.133078 -0.071706 -0.214557 -0.04225 -0.181317 -0.163755 -0.203123 -0.084244 -0.040972 -0.135014 -0.088948 -0.10467 -0.064413 -0.144934 -0.130392 -0.200166 -0.056996 -0.150076 -0.132355 -0.167643 -0.036479 -0.048066 -0.126479 -0.083639 -0.066823 -0.068895 -0.203305 -0.046519 -0.046645 -0.069543 -0.027618 -0.187826 -0.03418 -0.088618 -0.068266 -0.159034 -0.189778 -0.216782 -0.073668 -0.199912 -0.117243 -0.139808 -0.024292 -0.194818 -0.085251 -0.209395 -0.093299 -0.223109 -0.110067 -0.199736 -0.046688 -0.209936 -0.180885 -0.204397 -0.214106 -0.183705 -0.208963 -0.030661 -0.061658 -0.146409 -0.181847 -0.147504 -0.097827 -0.063093 -0.103928 -0.143119 -0.143969 -0.176751 -0.204562 -0.148668 -0.100421 -0.154803 -0.195037 -0.184158 -0.039601 -0.073507 -0.055609 -0.0829 -0.157296 -0.146515 -0.133859 -0.150691 -0.21341 -0.203776 -0.035641 -0.216059 -0.193421 -0.027123 -0.089853 -0.027726 -0.221777 -0.148735 -0.068282 -0.055627 -0.058504 -0.218735 -0.141784 -0.051664 -0.210267 -0.148188 -0.154036 -0.026495 -0.187134 -0.133728 -0.194122 -0.19858 -0.13629 -0.170088 -0.149195 -0.171745 -0.18395 
-0.163679 -0.225374 -0.104424 -0.123665 -0.211983 -0.076656 -0.085333 -0.140708 -0.058741 -0.22678 -0.175622 -0.107618 -0.192883 -0.127167 -0.035239 -0.043762 -0.201165 -0.135374 -0.193874 -0.073932 -0.139291 -0.054737 -0.180715 -0.175737 -0.034671 -0.222444 -0.076755 -0.153941 -0.127068 -0.227858 -0.145398 -0.173008 -0.153396 -0.042104 -0.097931 -0.0791 -0.082885 -0.040345 -0.050024 -0.042775 -0.208919 -0.097646 -0.125419 -0.153642 -0.20374 -0.040236 -0.163215 -0.098217 -0.042303 -0.032837 -0.084872 -0.152232 -0.201511 -0.183704 -0.177245 -0.218657 -0.041113 -0.148446 -0.047878 -0.142639 -0.172466 -0.213948 -0.108823 -0.034702 -0.121451 -0.043598 -0.145221 -0.033353 -0.091805 -0.165117 -0.224875 -0.038417 -0.135002 -0.182187 -0.105175 -0.046304 -0.133198 -0.191206 -0.193363 -0.218481 -0.101069 -0.184291 -0.216778 -0.114444 -0.213296 -0.119967 -0.05897 -0.220317 -0.063531 -0.04256 -0.11812 -0.204463 -0.161287 -0.13181 -0.043982 -0.031273 -0.17299 -0.063648 -0.209602 -0.164419 -0.113403 -0.163714 -0.174036 -0.190772 -0.193708 -0.134583 -0.092283 -0.096394 -0.132474 -0.038133 -0.128867 -0.125505 -0.035713 -0.114209 -0.03105 -0.054133 -0.052436 -0.116898 -0.117996 -0.209478 -0.111748 -0.14958 -0.043002 -0.065832 -0.147884 -0.080128 -0.182188 -0.149297 -0.119372 -0.117359 -0.21069 -0.08151 -0.22859 -0.230133 -0.117836 -0.094249 -0.047959 -0.190225 -0.220376 -0.045958 -0.159036 -0.120325 -0.22915 -0.07143 -0.210738 -0.128298 -0.125391 -0.096246 -0.202957 -0.109116 -0.103225 -0.146153 -0.101821 -0.095518 -0.134298 -0.084412 -0.192848 -0.038833 -0.210974 -0.106587 -0.078229 -0.201067 -0.224278 -0.22511 -0.124517 -0.039618 -0.132898 -0.074449 -0.066937 -0.165774 -0.179375 -0.068283 -0.176612 -0.058338 -0.209887 -0.039857 -0.096899 -0.113524 -0.053756 -0.196795 -0.155142 -0.11249 -0.218978 -0.121599 -0.056067 -0.087652 -0.060021 -0.049118 -0.163026 -0.069106 -0.074144 -0.152229 -0.073441 -0.092361 -0.082465 -0.066949 -0.094597 -0.148661 -0.152087 -0.188268 -0.126091 -0.059125 -0.215397 -0.167911 -0.155151 -0.153979 -0.042999 -0.145337 -0.071193 -0.138095 -0.126342 -0.14317 -0.205531 -0.224138 -0.126373 -0.158325 -0.103049 -0.114506 -0.044437 -0.180114 -0.131513 -0.11335 -0.171748 -0.066532 -0.03513 -0.150071 -0.173586 -0.110006 -0.038488 -0.195007 -0.1645 -0.223841 -0.207104 -0.049429 -0.130839 -0.180633 -0.070924 -0.190305 -0.156671 -0.033862 -0.216874 -0.051479 -0.20963 -0.153966 -0.0569 -0.222427 -0.14266 -0.210093 -0.077582 -0.145831 -0.068064 -0.128821 -0.177655 -0.195331 -0.160084 -0.161075 
-0.18311 -0.40514 0.218152 -0.178472 -0.073044 -0.1086 -0.234478 -0.076581 -0.208873 -0.086138 -0.084347 0.166525 -0.117299 -0.045071 -0.028397 -0.082631 
-0.151474 -0.87406 -2.052859 -0.081062 0.054169 0.105469 0.894564 -0.000963 0.151724 -0.170553 -0.067676 -0.302838 0.085409 -0.001277 -0.144785 -0.078682 
0.010574 0.931725 0.165022 0.014085 -0.088528 -0.067787 -0.613599 -0.132427 -0.103685 0.042209 0.0707 -1.370157 -0.06112 -0.161565 0.034989 0.061423 
0.070996 -0.111806 0.031971 -0.075219 -0.215921 -0.209626 -0.951629 -0.09025 -0.090762 -0.04957 -0.136282 1.371793 -0.062487 -0.236361 -0.108482 -0.193419 
-0.112298 -1.448233 1.277504 -0.082905 -0.214298 -0.165009 -1.732908 -0.08217 -0.202928 -0.079855 -0.121377 -1.240604 -0.108305 -0.078037 -0.099554 -0.225936 
-0.39916 2.487319 -4.134855 -4.078212 
